1.0000	9.3548
7.0000	2.6533
6.0000	6.3925
6.0000	6.4578
2.0000	5.8310
4.0000	4.0987
6.0000	3.9774
4.0000	7.0953
3.0000	10.4837
6.0000	8.6767
3.0000	12.1858
6.0000	9.3316
8.0000	0.9951
6.0000	3.0057
3.0000	6.0991
9.0000	0.3976
1.0000	0.3649
2.0000	0.7729
2.0000	0.8362
7.0000	12.1962
7.0000	16.1873
5.0000	4.6847
1.0000	1.5951
2.0000	1.0311
3.0000	0.4484
2.0000	2.0671
4.0000	5.0152
6.0000	3.4693
5.0000	7.6131
7.0000	7.1819
2.0000	12.5188
5.0000	9.6063
8.0000	8.3698
3.0000	4.0891
7.0000	0.9764
5.0000	0.1573
4.0000	3.2117
6.0000	4.4157
4.0000	6.4457
2.0000	1.3574
2.0000	1.8933
8.0000	0.5702
2.0000	8.5231
1.0000	2.6362
5.0000	4.4204
8.0000	1.3992
3.0000	1.4035
1.0000	0.6944
2.0000	5.3543
3.0000	6.7670
1.0000	0.2447
1.0000	3.4765
3.0000	5.7588
1.0000	9.6663
4.0000	7.4172
1.0000	0.4416
4.0000	5.8052
6.0000	5.8390
5.0000	5.4898
2.0000	0.5684
1.0000	0.7663
6.0000	4.8711
4.0000	7.7746
6.0000	5.8333
1.0000	11.4301
9.0000	7.6498
2.0000	0.0837
1.0000	9.1958
3.0000	7.6417
1.0000	0.6800
4.0000	1.9096
3.0000	0.9444
1.0000	0.6896
3.0000	5.0821
4.0000	4.9355
3.0000	8.1198
1.0000	1.9818
2.0000	9.1186
8.0000	3.5651
2.0000	1.0383
1.0000	0.2472
9.0000	2.3759
5.0000	6.4795
2.0000	9.5988
8.0000	5.0690
8.0000	5.0791
4.0000	10.8016
6.0000	8.3135
3.0000	13.0187
6.0000	10.0260
3.0000	4.8104
1.0000	7.3777
4.0000	4.6104
8.0000	2.0639
6.0000	4.4413
3.0000	8.3866
2.0000	9.9838
2.0000	10.0515
6.0000	59.9899
9.0000	4.2960
6.0000	1.0396
4.0000	3.6117
2.0000	1.1607
5.0000	5.5786
9.0000	3.9343
3.0000	10.0210
8.0000	5.1482
5.0000	9.2721
9.0000	5.5889
5.0000	2.5773
1.0000	8.4732
9.0000	1.5857
2.0000	8.6477
1.0000	0.9443
1.0000	1.4734
4.0000	4.6922
4.0000	5.8638
6.0000	4.2695
1.0000	9.6537
3.0000	5.9176
5.0000	4.8509
7.0000	3.7444
7.0000	10.2228
2.0000	9.8503
2.0000	0.1234
2.0000	0.2167
7.0000	2.4947
8.0000	2.3250
3.0000	7.3569
4.0000	6.4882
9.0000	1.9046
4.0000	8.1845
3.0000	6.7646
6.0000	3.7889
6.0000	3.7841
2.0000	7.8757
4.0000	7.1286
7.0000	4.0903
1.0000	0.5651
2.0000	0.6757
2.0000	0.0899
2.0000	1.7265
7.0000	18.9294
1.0000	1.3629
6.0000	4.1714
5.0000	6.3831
1.0000	0.1316
2.0000	0.4379
3.0000	0.1688
3.0000	7.6147
2.0000	10.6053
8.0000	4.8206
6.0000	7.4975
9.0000	4.5329
4.0000	9.7674
5.0000	8.8979
1.0000	2.0377
3.0000	1.1392
1.0000	1.0162
1.0000	2.3081
5.0000	5.4545
2.0000	0.9598
8.0000	0.6009
2.0000	13.3775
8.0000	2.8150
5.0000	5.8439
7.0000	3.8770
9.0000	2.7418
4.0000	8.7720
2.0000	0.1112
1.0000	11.1694
7.0000	5.2995
3.0000	9.5340
1.0000	12.4383
8.0000	5.7514
3.0000	11.1725
6.0000	8.2133
4.0000	10.3839
2.0000	12.4425
7.0000	7.7906
1.0000	7.5874
2.0000	6.6440
3.0000	6.0890
2.0000	7.5477
6.0000	8.9771
6.0000	3.7812
2.0000	8.2443
9.0000	1.9408
1.0000	0.1397
3.0000	9.5291
7.0000	7.8803
9.0000	7.1751
2.0000	14.2250
3.0000	13.2448
7.0000	9.3225
3.0000	13.5559
3.0000	13.7870
3.0000	14.5182
7.0000	10.5922
8.0000	9.8680
4.0000	98.7407
1.0000	0.6467
4.0000	6.0092
6.0000	4.9359
2.0000	9.2961
1.0000	10.4639
8.0000	3.7121
8.0000	4.0757
8.0000	4.9023
1.0000	2.3645
4.0000	5.9534
6.0000	3.0150
3.0000	7.8306
3.0000	8.1824
8.0000	2.5029
3.0000	7.5941
7.0000	3.8563
3.0000	7.8775
2.0000	8.9283
6.0000	4.9666
1.0000	2.8034
3.0000	5.2859
6.0000	2.8910
6.0000	5.3790
2.0000	11.9782
2.0000	12.1890
6.0000	9.9354
1.0000	1.6309
8.0000	3.2125
9.0000	3.7853
7.0000	5.9450
8.0000	5.4516
6.0000	8.2244
2.0000	0.2230
3.0000	7.3423
1.0000	9.8911
1.0000	0.6618
2.0000	1.1492
3.0000	0.2724
2.0000	1.6577
1.0000	0.8807
1.0000	1.7441
5.0000	5.7797
3.0000	8.5936
2.0000	10.5725
5.0000	7.5650
3.0000	10.7595
7.0000	8.5025
6.0000	10.3424
6.0000	10.6201
9.0000	1.0843
5.0000	5.1332
2.0000	8.1714
3.0000	7.9386
9.0000	2.3751
5.0000	6.6261
2.0000	10.0099
4.0000	8.2993
4.0000	8.3281
2.0000	10.3754
6.0000	6.4221
3.0000	10.3217
7.0000	7.4669
8.0000	7.1582
2.0000	13.2033
7.0000	8.2751
1.0000	16.9896
1.0000	8.9506
2.0000	7.9107
4.0000	6.2886
9.0000	2.0027
3.0000	1.1413
2.0000	0.4451
8.0000	6.7438
5.0000	4.3892
5.0000	4.5255
4.0000	6.4171
2.0000	8.6606
7.0000	4.7317
7.0000	3.0494
4.0000	6.9243
3.0000	8.3622
3.0000	8.4952
5.0000	7.5273
2.0000	11.4806
3.0000	10.9866
4.0000	10.3908
2.0000	8.6052
9.0000	2.3656
7.0000	4.4478
8.0000	3.4970
8.0000	3.6291
6.0000	6.6636
8.0000	4.9431
2.0000	12.0673
2.0000	12.1456
3.0000	11.1966
1.0000	0.4451
1.0000	0.7044
4.0000	5.2475
1.0000	1.8142
5.0000	0.6954
7.0000	1.8574
4.0000	3.9255
6.0000	3.8870
9.0000	1.0673
5.0000	1.0350
4.0000	2.1649
5.0000	7.3392
2.0000	16.5241
8.0000	11.9436
2.0000	18.5042
2.0000	18.5490
4.0000	17.5496
6.0000	1.7371
8.0000	0.4439
1.0000	0.5377
2.0000	0.5824
1.0000	7.7101
7.0000	1.7378
1.0000	8.9248
8.0000	2.3392
9.0000	1.5260
6.0000	4.7906
2.0000	0.0743
1.0000	2.1249
1.0000	2.2329
1.0000	0.5095
2.0000	0.0476
3.0000	3.5021
5.0000	1.1755
6.0000	9.2732
6.0000	9.7261
5.0000	11.0687
3.0000	13.3931
9.0000	8.1004
7.0000	7.7514
8.0000	6.9672
4.0000	11.4179
2.0000	14.0017
2.0000	14.8391
5.0000	12.6885
5.0000	12.6712
8.0000	10.0299
6.0000	15.8506
1.0000	21.9950
3.0000	7.2777
8.0000	3.3687
2.0000	9.8065
4.0000	7.8773
1.0000	1.3383
1.0000	0.4118
1.0000	8.0741
1.0000	8.9178
5.0000	4.9778
8.0000	2.8144
4.0000	7.3878
5.0000	6.4130
2.0000	14.8993
1.0000	0.6882
2.0000	1.2400
6.0000	6.5298
3.0000	10.4508
8.0000	17.7225
4.0000	16.2323
3.0000	6.5357
9.0000	0.7488
5.0000	4.9655
2.0000	9.4790
2.0000	10.2327
4.0000	0.5638
1.0000	0.3643
8.0000	0.2945
5.0000	5.9148
3.0000	10.2638
5.0000	10.3021
3.0000	12.3349
3.0000	13.5641
4.0000	13.2766
1.0000	16.4963
7.0000	10.8631
6.0000	13.1623
9.0000	10.4826
2.0000	17.7475
3.0000	16.9098
8.0000	15.7821
5.0000	18.8900
8.0000	15.9282
5.0000	7.8793
5.0000	29.3373
3.0000	7.7492
4.0000	30.5007
2.0000	8.8712
8.0000	2.9784
8.0000	26.6389
9.0000	25.7661
7.0000	4.0818
3.0000	32.6985
3.0000	32.8053
6.0000	29.7059

